	FEB_ID	cat_ID	CH	a0	a00	a1	a2	a3	a4	a5	b	ChiSq
0	4003	7	0	0.0	35.19144857668696	65.95343688176058	288.98425026255006	0.1268443821661332	1.6836613614948226	0.4074776659043996	2.0	22.48016067616738
1	4003	7	1	0.0	17.27974903300042	62.36283986653593	312.763359801174	0.15476988008832415	1.443317296638222	0.42088964943555646	2.0	18.953509123241467
2	4003	7	2	0.0	44.71321354091353	68.86508609599082	281.275803276437	0.1135539743833964	1.822085908043635	0.40151784531519186	2.0	30.96673853848814
3	4003	7	3	0.0	46.21263338547286	67.11515348897032	270.12368404600466	0.10791006012965845	1.8694312303806486	0.3942909506433904	2.0	13.804392593009968
4	4003	7	4	0.0	12.03291111621054	69.61657623452356	309.9504051516915	0.19442124355279197	1.4421505352871056	0.5282923063691954	2.0	54.14299958906949
5	4003	7	5	0.0	43.4586857332302	68.18240610871256	280.4111290927382	0.11500842786970755	1.8070746965275961	0.4024513187990569	2.0	32.46005032566749
6	4003	7	6	0.0	-0.7348531169836957	64.98954586122571	334.5638683267844	0.20303813775521296	1.2869705116942511	0.4954437441168927	2.0	31.04459685171855
7	4003	7	7	0.0	33.840622866205	64.89308105036281	291.40356216604505	0.12614041277466626	1.6626718446186948	0.3993634780958827	2.0	17.88651085186425
8	4003	7	8	0.0	-0.24878718251447848	64.20217350579608	338.2083073604432	0.19710383500127956	1.2800904275641993	0.478674938525148	2.0	30.92320446493684
9	4003	7	9	0.0	20.859073483813265	63.354069209787724	312.59366120178277	0.14795534912852729	1.4824461289412274	0.413419943115069	2.0	15.924122068842339
10	4003	7	10	0.0	39.518183255087706	63.97394405080493	288.75800868767755	0.10894302432112805	1.7468163756244204	0.36563145723252216	2.0	9.54062136478409
11	4003	7	11	0.0	26.472405405501508	64.24015503427013	291.89908839183846	0.14444769552874823	1.5736450743696828	0.4299569639614157	2.0	17.629424591129364
12	4003	7	12	0.0	26.384696649899652	64.50765857645987	301.50767187931507	0.14122024410685793	1.5590133983558945	0.41610866003848535	2.0	15.317521793349437
13	4003	7	13	0.0	8.842606232260541	69.03376533371923	324.4348674998562	0.19353599840305027	1.3922526551828907	0.5080091889975001	2.0	25.25241841583801
14	4003	7	14	0.0	35.73980388483712	62.3864208755345	283.1112518696614	0.11599692148212161	1.7026908404877228	0.3775786937602413	2.0	15.479173724697889
15	4003	7	15	0.0	32.90922113509623	64.77847346809865	293.78269491389966	0.1273588487710357	1.6473150547830122	0.3989517445505592	2.0	28.845987336724644
16	4003	7	16	0.0	26.86407716052477	62.94434549667849	303.44384550588444	0.13406699432959845	1.5589848425762944	0.3950236280122837	2.0	32.78776487122089
17	4003	7	17	0.0	15.511077578071204	64.46763148847572	316.5529603768269	0.1645684534783622	1.4307355306716116	0.4436504215321552	2.0	16.802467482676374
18	4003	7	18	0.0	-3.081171939186825	69.17979856885562	337.8541253623509	0.22047143349744458	1.2987463467353824	0.5423928214217703	2.0	50.85156633831847
19	4003	7	19	0.0	5.351138588183066	64.84421148869012	324.0472802742342	0.19098220548823838	1.3416377924023233	0.48402313824235144	2.0	28.89946597953284
20	4003	7	20	0.0	9.297828292449895	66.40914212597997	325.5754703089142	0.18355911809438896	1.377908664826609	0.4770542858158096	2.0	19.86072636472419
21	4003	7	21	0.0	56.635502488598874	66.22535352556237	273.41211959899135	0.07766134602270375	2.0640657038620054	0.3247510794633935	2.0	18.270076058174887
22	4003	7	22	0.0	16.501460558100064	68.50296757695736	307.6373779006082	0.1790976027987534	1.4727978180957086	0.49710266760289	2.0	19.81310086477111
23	4003	7	23	0.0	50.06912078222153	65.81706596562572	279.36996624201157	0.09076326136219202	1.9274839477330072	0.3452554773787865	2.0	10.26892668195112
24	4003	7	24	0.0	28.120090508677325	64.5974742312824	299.8643905093516	0.13740828241525102	1.5809632056786065	0.4110837011288882	2.0	10.747341144725212
25	4003	7	25	0.0	-422780.82313489285	66.65170787734306	423825.46842380543	6.041603396827761	0.02381435940981443	6.142158919130337	2.0	22.524071433605467
26	4003	7	26	0.0	-5.697029719045499	68.57239617358384	351.3119174558381	0.21782179282815856	1.2605667144164479	0.5218788790029792	2.0	46.70157735089719
27	4003	7	27	0.0	51.48158192359208	65.06941087679888	272.3812258230974	0.0869006102331294	1.9713527405701818	0.3407682571690197	2.0	9.852437921216573
28	4003	7	28	0.0	41.724087256826415	64.49176817624017	279.97339553523733	0.10785043637581518	1.7920284709985836	0.37348763606471364	2.0	19.253749023962158
29	4003	7	29	0.0	10.639709594779355	61.34240510452324	319.61970572091946	0.16708093663617826	1.3692849442697397	0.4316410517076295	2.0	12.002969861894236
30	4003	7	30	0.0	21.403281488297917	66.36968943216893	305.03462437238255	0.15955363379618714	1.509039502421009	0.45412232687457244	2.0	14.20929975052643
31	4003	7	31	0.0	-5.575098985287794	66.84853280278753	337.64453453825104	0.22096063431795446	1.2672239393151499	0.5318477483487198	2.0	35.1046597429581
32	4003	7	32	0.0	29.257768373624202	62.863421412724065	299.76283725428453	0.12876777547291904	1.59254715279914	0.3883395791347897	2.0	15.88911805220823
33	4003	7	33	0.0	1.8473625049569211	65.65244063139134	335.9617971161899	0.19676259935162568	1.3065065718665854	0.48667632381111287	2.0	19.90918240569297
34	4003	7	34	0.0	27.14385841820292	60.78683151788584	301.715937063129	0.12710117773497528	1.562396862555009	0.3753858478381636	2.0	10.42626434640134
35	4003	7	35	0.0	14.85811156819687	65.0468085785023	302.75237106556216	0.1755562991782658	1.4482317090635064	0.4790464235886324	2.0	23.471694909939828
36	4003	7	36	0.0	39.72800554261383	62.012291799766516	281.3291605591698	0.10461818246505626	1.7673767578536816	0.35615626520775234	2.0	18.019228865033448
37	4003	7	37	0.0	47.05646784682816	67.78134925075574	273.2150591781916	0.10674571123561764	1.8747551991708626	0.39147856229651773	2.0	15.174821394199384
38	4003	7	38	0.0	24.42654337161063	65.32306077436799	306.16242886995843	0.14718168502805906	1.5335403818659263	0.4260841952424712	2.0	17.47560197662928
39	4003	7	39	0.0	40.9151514238086	63.21077750749539	283.8197598098009	0.10451389331338774	1.7782421689184345	0.35849100127324235	2.0	11.348502968364734
40	4003	7	40	0.0	-255.30719722042144	63.686452679018394	721.1047620781368	0.5358322341451658	0.4975261598065654	0.756482931869966	2.0	32.112285644713104
41	4003	7	41	0.0	37.51327776740954	67.65922876654382	292.9395950854661	0.12445273774445141	1.7068685570309374	0.4062777972138527	2.0	46.761944481558935
42	4003	7	42	0.0	1.507572249963198	65.00896020085706	328.0743663992232	0.20040851480199395	1.3106074793244675	0.49710523118674194	2.0	19.340183851031544
43	4003	7	43	0.0	44.33546964513885	64.26247035705862	264.88878787594115	0.10538981868264669	1.8596324127082722	0.38247565273079553	2.0	18.054118680260768
44	4003	7	44	0.0	12.2922658474692	66.00715589631722	311.53801486175905	0.18136000616436596	1.4190836382967682	0.4849849517095307	2.0	15.586322624140573
45	4003	7	45	0.0	12.01233336251673	68.35002691284276	319.85729671732105	0.18489405253805796	1.4178301724533275	0.49400614609319476	2.0	40.51744454608281
46	4003	7	46	0.0	29.975179403716304	66.43752103548134	293.2588500067574	0.14105475012388533	1.6152567785525889	0.4321439696032142	2.0	14.94970451790912
47	4003	7	47	0.0	0.16943804102500304	68.50878025904528	329.4431101732652	0.21422755666944143	1.3252787902561314	0.5368142094203726	2.0	20.002783716133965
48	4003	7	48	0.0	-2.449683774389925	70.57507047200112	332.2928499489153	0.22636683117886863	1.32187224070142	0.5658951687945504	2.0	39.778400444260086
49	4003	7	49	0.0	14.481996382444379	64.27316721491479	320.0712466717804	0.16511380341170828	1.4161197968462187	0.4406339116223219	2.0	12.346810307634874
50	4003	7	50	0.0	6.919701239565401	66.550221351271	328.07706852378243	0.18941577482179411	1.3578976120976525	0.48549421251557856	2.0	26.318783409897545
51	4003	7	51	0.0	56.775505084271664	71.45520344858676	269.2183393511446	0.09477761555603315	2.0244146781413925	0.3855807290628684	2.0	54.73994401873927
52	4003	7	52	0.0	-452.20544684441955	63.555420088781695	1023.2351781740766	0.6584315330290021	0.3428857553001893	0.8350827620597904	2.0	22.27761772050468
53	4003	7	53	0.0	-180.31764125150988	65.92195087718754	555.7070052420643	0.5234495942552141	0.6562343025752935	0.8249375580401047	2.0	12.914500276389486
54	4003	7	54	0.0	36.029601093499046	69.05509410316714	284.4203484826186	0.13648557085648874	1.703699401797021	0.4445814767375925	2.0	31.600390475811555
55	4003	7	55	0.0	8.410094952772802	65.49761092691188	315.87380425686973	0.18873342261150922	1.3798371824142948	0.4911579712080068	2.0	29.41280527207936
56	4003	7	56	0.0	26.047990537495476	63.51049293363316	303.00314479176893	0.138312430884663	1.5511527621330377	0.405326243280044	2.0	28.03918730031074
57	4003	7	57	0.0	41.17587492894963	70.67731468645503	292.14988819763767	0.12454113473138553	1.7534989437802606	0.41992197062025366	2.0	43.02052289944304
58	4003	7	58	0.0	-112.26049895721307	66.65388405275941	492.7512792964499	0.4012744637368469	0.7817467602729938	0.6898755397830442	2.0	14.882226861447348
59	4003	7	59	0.0	43.61522854040895	64.66101212108782	278.9184070247212	0.1037551336324799	1.8231211429106788	0.36713327112228367	2.0	13.3491096879097
60	4003	7	60	0.0	3.2455369186339746	69.92455943328221	320.24279306855186	0.2152393378673581	1.3694192001941907	0.5561064128651043	2.0	59.75531741396785
61	4003	7	61	0.0	2.794044873273176	68.25534734690545	324.1576985299233	0.20899119734013769	1.3476787652218063	0.5318874301567648	2.0	16.286341786917603
62	4003	7	62	0.0	21.687617827110852	69.50662086333766	304.87007040227616	0.1687631811072268	1.5255696400315888	0.48586982182964755	2.0	22.05641692822624
63	4003	7	63	0.0	5.232349554007626	64.63793238458221	319.2576738378873	0.19347020683547533	1.3462575276007402	0.49190132642761086	2.0	35.76484321308705
64	4004	7	0	0.0	30.006323889099367	65.84053285368256	292.58137052129155	0.13933510640925967	1.6155365888317188	0.42695836424057193	2.0	33.83192924300258
65	4004	7	1	0.0	-234.33485982111767	68.02554720765178	597.3781420404164	0.629868395241203	0.6194121048636274	0.967634714701083	2.0	73.47961916069106
66	4004	7	2	0.0	61.2934124784254	66.8583536513242	260.8484152961022	0.0716754199150151	2.181948865740584	0.32523876520420636	2.0	38.672772963394955
67	4004	7	3	0.0	23.131950882708214	69.0634441885571	298.1938764426685	0.16664472190242338	1.5476532437455746	0.48717120659547836	2.0	27.9674297809166
68	4004	7	4	0.0	53.454381054292504	69.38111027578887	271.7090088802764	0.0958212716311995	1.9754978651391153	0.37683049759098297	2.0	55.36836631152297
69	4004	7	5	0.0	-271.17787058341605	65.82403751883635	660.9908790561165	0.6455246667428235	0.5424055085725512	0.9401413835005182	2.0	40.00373358798374
70	4004	7	6	0.0	41.24473801566156	65.26409538396345	284.3810623880173	0.11006402559263037	1.7755138242077733	0.3768151122066282	2.0	10.545776393383928
71	4004	7	7	0.0	25.27199852326695	62.63678237354506	298.2018584091964	0.13976685024417537	1.5472875013862843	0.40849253831166055	2.0	23.783541140425353
72	4004	7	8	0.0	11.23222437132205	63.50002188547503	319.58931964514386	0.17218560397339253	1.385294062454474	0.4497921834396271	2.0	9.46795203103992
73	4004	7	9	0.0	28.6977242066114	67.81955113440137	300.03497736999344	0.14600471987422373	1.5938605107191555	0.44072401724183957	2.0	57.42977147509245
74	4004	7	10	0.0	27.094427863436476	65.85813814989548	300.0220431974957	0.14422515000108188	1.5720030451825873	0.428806212943167	2.0	20.314680751749567
75	4004	7	11	0.0	15.951439856187468	63.85521413846715	301.8161421697648	0.16894206157228764	1.452903577410128	0.462493195086242	2.0	45.29757700662217
76	4004	7	12	0.0	1.2442646569360045	69.07405308111797	325.51614963847	0.21524663623182969	1.3421661192925998	0.5457184466973785	2.0	44.24230722970071
77	4004	7	13	0.0	49.01340485096383	69.50305391952925	274.72861255854076	0.10662681043402523	1.896047043529699	0.3968564576013048	2.0	34.63248283881445
78	4004	7	14	0.0	17.16729530401779	64.98085261151063	307.6826596559604	0.1659475966363002	1.4603377503991146	0.4566426100111342	2.0	25.034845366536445
79	4004	7	15	0.0	15.980802218526959	65.1300032482614	307.7683416152332	0.16982084139098533	1.4505029595207768	0.4641259892612934	2.0	32.67729313008367
80	4004	7	16	0.0	37.462979676902506	64.09548299741067	289.42064427118345	0.11454174541270502	1.7153270018593632	0.37612194792055614	2.0	17.515202075067464
81	4004	7	17	0.0	11.967707204640929	67.06796890563652	320.6824908359623	0.18061212475420527	1.4089085486381545	0.47959057100820657	2.0	32.035097699486094
82	4004	7	18	0.0	25.39502309253988	68.20389943598143	298.3729875177711	0.15730260700217327	1.564653672713891	0.46531130986399455	2.0	35.35017047084351
83	4004	7	19	0.0	18.536959354992813	63.73375490267167	308.5012943959769	0.15761947374705995	1.4664166019086027	0.43555725939393625	2.0	7.954614361973264
84	4004	7	20	0.0	49.05932007471235	66.67731095242564	278.57981934081926	0.0962530417189886	1.9046187256318847	0.36038095297517886	2.0	35.7049339307934
85	4004	7	21	0.0	32.430060971256154	72.79150969300811	300.4453317837364	0.15113604357827534	1.644756370380023	0.4725949234223086	2.0	32.54316106605402
86	4004	7	22	0.0	6.835873732421701	67.13486413536238	317.2133144415296	0.19775580881611735	1.3772391491675884	0.5137118031583141	2.0	18.093934914808827
87	4004	7	23	0.0	-7.469674899044649	70.8700852595699	334.54318158210725	0.24071039129155053	1.2949072221382403	0.5906099433021696	2.0	39.382796567704794
88	4004	7	24	0.0	45.18788446942943	67.0243102125956	281.5605997712571	0.10633378450756634	1.8344115367085125	0.3792138302074134	2.0	32.133661687650296
89	4004	7	25	0.0	10.566619620292736	66.7398132496499	321.76118856311473	0.18302723373083352	1.394782145949692	0.48126799250704677	2.0	15.128882270571182
90	4004	7	26	0.0	55.84825957802571	68.82385638191995	276.7056140754571	0.08668616905188735	2.0152770903846546	0.3504359594512539	2.0	31.96342892781028
91	4004	7	27	0.0	-3.3663995495636523	66.92133611251022	332.423958081706	0.2179903418484293	1.2880030035069552	0.53231020355154	2.0	36.722138834429686
92	4004	7	28	0.0	-3.235332289780398	68.31055014591662	335.58601205572575	0.21977231819871387	1.2946617314514637	0.5391442833061254	2.0	15.74923325854417
93	4004	7	29	0.0	33.62235612911424	70.1173863196163	290.74945782574537	0.14381706347778592	1.66726985841357	0.4567816565036799	2.0	39.062055906501044
94	4004	7	30	0.0	26.0416687420673	68.51165789908616	291.4114667153906	0.1598893740350445	1.5841388488932597	0.4793943520026442	2.0	38.435408991388876
95	4004	7	31	0.0	27.344994431852623	69.48267781990577	293.56389448385556	0.15819176344715613	1.5965396829987846	0.47839893177568665	2.0	61.192723460657874
96	4004	7	32	0.0	43.06888397921398	64.38714935330628	282.7686588256405	0.10300981110506464	1.8096342073595109	0.36110439011192785	2.0	37.737147170740585
97	4004	7	33	0.0	23.672748332292365	67.59778069925072	299.5148265919118	0.1597224430218726	1.5440334539621392	0.4657644401293711	2.0	25.276416936842388
98	4004	7	34	0.0	-759.1398495792124	62.53015833821938	1382.0466026961444	0.8609462533780949	0.24602884058377356	1.0210290560469355	2.0	12.103079630518957
99	4004	7	35	0.0	-224.42517264062056	70.86993915386573	576.8722078131639	0.6339190992123037	0.6679100436688511	1.0071514777332513	2.0	32.12512662982189
100	4004	7	36	0.0	48.98371729538941	69.75907543682366	272.7646762547659	0.10820723658823468	1.8981940455128232	0.40333847451410126	2.0	48.268971652489924
101	4004	7	37	0.0	17.68272806392167	69.77351419878998	307.37658317422154	0.17980746106217158	1.4896949575943217	0.5049525565215828	2.0	24.7402988551786
102	4004	7	38	0.0	41.660568337182696	66.34160663807133	286.6674472064377	0.11160541363433835	1.7752488704511278	0.38202204156899566	2.0	29.59935985809394
103	4004	7	39	0.0	24.561823546551803	71.82605512498071	301.7749812386145	0.1694424147652231	1.566662259633489	0.5019199582960008	2.0	59.659476866277785
104	4004	7	40	0.0	1.510246776054117	64.11714017846013	332.28844635259975	0.19518091612925811	1.2989555207038277	0.48024397706322836	2.0	21.70226861945606
105	4004	7	41	0.0	37.48169345138942	68.22856089175639	292.83555785741726	0.12638160152849742	1.7065177731664982	0.4124742982811363	2.0	55.52897950460417
106	4004	7	42	0.0	10.774399019422715	67.27152143753787	310.0806474625645	0.1906898607434848	1.4175983229050593	0.5094097096192756	2.0	25.558101061250987
107	4004	7	43	0.0	25.124518476462647	66.59469195160241	290.354510189495	0.1568322451366043	1.5695767717622804	0.46550574853242516	2.0	11.966764258511587
108	4004	7	44	0.0	30.697410989484876	65.71521507503569	292.3819386070932	0.13708107908456213	1.6235660456505108	0.42239580284823064	2.0	20.52595520958129
109	4004	7	45	0.0	4.656337244470815	63.94250972003549	320.12420719512534	0.1924824544833095	1.3363356671793234	0.4860358098571182	2.0	13.385836370998637
110	4004	7	46	0.0	49.81492219759839	65.04739649953149	267.8123998729751	0.09242871440564526	1.94681880950222	0.35633441617767186	2.0	6.592227747615202
111	4004	7	47	0.0	44.25377052528221	69.55889920672358	277.1256892334487	0.11854884007105639	1.8215644168977376	0.41902780074300533	2.0	22.49419680652474
112	4004	7	48	0.0	43.79776530850824	68.36114703484094	284.62526842556866	0.11314881326390543	1.8045000578890413	0.3952379589767575	2.0	15.624965609006546
113	4004	7	49	0.0	21.718111378950876	67.14449652462623	305.9895512572038	0.16064807311234375	1.5136278666303415	0.45869384324958906	2.0	15.200314299879091
114	4004	7	50	0.0	-7.4490166941882165	67.20552829138987	347.8767619344461	0.22098011658308164	1.2453504064107714	0.523891106273924	2.0	41.85549207183662
115	4004	7	51	0.0	31.390766825491898	63.65155161143751	296.52672389196516	0.12677741323292332	1.6239582909147086	0.3907527502845075	2.0	20.407892819325035
116	4004	7	52	0.0	37.391622081688084	68.991446936812	290.7505236338866	0.1298807832496642	1.7089289655169202	0.4246037036901451	2.0	33.8569291997073
117	4004	7	53	0.0	-552.0470590214048	69.70610150953127	949.6871612054285	0.9770392891986931	0.41456237964384857	1.3022901012559045	2.0	13.232108917474532
118	4004	7	54	0.0	-16843.752937425998	64.09488987950469	17705.229554190504	3.065182325995503	0.05490296028339846	3.1840783853779246	2.0	8.959651322960376
119	4004	7	55	0.0	20.62342879597759	67.8708800566959	299.1942113191344	0.16959229455899094	1.518128032500896	0.4857448348050011	2.0	49.25144155200447
120	4004	7	56	0.0	42.05683433659564	64.58428377628447	284.1585937631873	0.10581931975404295	1.7905990208147138	0.3660909397922588	2.0	31.037818509637308
121	4004	7	57	0.0	-3.462525787252447	68.53030500316179	336.46958466335707	0.22053411173564783	1.293736758308673	0.5406663558223292	2.0	27.461344897262563
122	4004	7	58	0.0	1064.5848786079903	67.79467630443648	-3213.3723970724946	0.38495248521506675	-0.17394564582951152	0.34122769361555094	2.0	22.820259184955965
123	4004	7	59	0.0	23.77819934652854	70.68088610652755	296.92769974602487	0.17059688991082778	1.5633538888221916	0.5041822172260669	2.0	41.63968335921492
124	4004	7	60	0.0	21.263565238339304	64.35980288157236	302.30117285280016	0.15484748808608156	1.5040916033970968	0.4392187317068708	2.0	33.4530334409431
125	4004	7	61	0.0	-8.36938101660812	67.50159882277454	337.31126517287674	0.23145820988173482	1.2577379507912685	0.5534640793958341	2.0	41.27957476449034
126	4004	7	62	0.0	15.253964294413779	70.35485231490999	301.0775197955558	0.19238592225620363	1.4863759046061322	0.5390350701135265	2.0	42.92332683286515
127	4004	7	63	0.0	30.229248726562613	67.92668501006382	288.52773878192966	0.14732915760642928	1.629458898394651	0.4558318959119858	2.0	30.537969166119424
128	5002	7	0	0.0	-4.657490878420631	63.49645482659289	350.1159197907097	0.20071755146720446	1.232507383618042	0.4716361035626911	2.0	61.49864932254636
129	5002	7	1	0.0	-1.9578367140459265	61.98606028279521	337.4300074637141	0.19575334306615685	1.254796011596431	0.4671328677493141	2.0	19.61033584193902
130	5002	7	2	0.0	0.031880797311743536	65.30116221697443	344.2695418875294	0.19614607351224364	1.2816250931140292	0.47685595993556423	2.0	166.99026677041945
131	5002	7	3	0.0	-242.65794083874007	67.05855763744495	656.2814415052385	0.5781105155773323	0.5621550052626657	0.8535645855230352	2.0	31.969254142782358
132	5002	7	4	0.0	-1.2586812930103135	67.67680875072861	345.17534053861226	0.20629919328148974	1.288144921150678	0.5038111673468899	2.0	90.41828578570136
133	5002	7	5	0.0	-216.86162383665555	64.54279594262216	657.4353631096477	0.5085167008605807	0.5547844348973118	0.7469851647778998	2.0	50.45865124753172
134	5002	7	6	0.0	-7.8167030565449	61.68426629612492	365.65807357549033	0.19556576932673345	1.184071577640736	0.44435892009679556	2.0	20.36809653549756
135	5002	7	7	0.0	-4.353288365606872	66.58182141017949	350.25753370400383	0.20884806972691725	1.2554148936864162	0.4985950994906282	2.0	251.98379751835282
136	5002	7	8	0.0	-1.8660226385820196	59.51507322692268	342.0509488950457	0.18537813424478708	1.23417759008237	0.4360968818673104	2.0	14.857988162317293
137	5002	7	9	0.0	-142.84520255829028	62.32055646669947	592.9708037808042	0.385342223674232	0.638414261902446	0.5998303575273397	2.0	54.88817089871704
138	5002	7	10	0.0	-130.2838464588076	62.6984602013681	571.2756027898304	0.3730732189341938	0.6695765995268902	0.5934125339657215	2.0	13.172045403292037
139	5002	7	11	0.0	-233.42056636169664	65.09082529362512	715.5995073669739	0.494349203408879	0.521266453426276	0.7094971853223724	2.0	24.901790002781585
140	5002	7	12	0.0	-11716.687477993257	65.32268069918373	-21372.597008298322	-0.4383228436065901	0.008916961791223558	-0.44104040459492855	2.0	52.181597090624116
141	5002	7	13	0.0	-11.287613841967495	67.11170154621949	366.7187383152533	0.21997315963574093	1.2003636059052722	0.5054929977984579	2.0	43.03227586362904
142	5002	7	14	0.0	6.052108193765667	64.95824036199569	340.6097309839596	0.18028885138160494	1.3260577069879365	0.4520141367972656	2.0	44.370491858129355
143	5002	7	15	0.0	-1.0609160659048253	64.16743791608529	349.73961450511314	0.19281539408503715	1.2606718716342245	0.4619997626157629	2.0	20.798813180843396
144	5002	7	16	0.0	38.0323966259786	61.33673062392281	292.45678861817	0.10315906859340224	1.7277125732941359	0.34166517984164296	2.0	19.126009127235367
145	5002	7	17	0.0	-3.978807058808989	59.39618724823308	354.77275086825847	0.1841674511020119	1.2055391493135783	0.424733310176546	2.0	32.85559176323452
146	5002	7	18	0.0	1.1783480422166368	63.451988887480525	346.1930345491973	0.1863880561658886	1.275606848226499	0.451246662810708	2.0	25.73092003948565
147	5002	7	19	0.0	-2.9992953806722413	62.349700830750464	349.05929007487754	0.19324317977394684	1.236871316011681	0.45544877885793694	2.0	43.17134914550813
148	5002	7	20	0.0	-0.7808444685092143	62.31437192540332	349.86248025858765	0.18650589790551172	1.2509299718836453	0.443874314021859	2.0	11.238395635306956
149	5002	7	21	0.0	-7.571616628503035	64.79199081675827	364.44469253388195	0.20444903649929572	1.2075102841385148	0.4721520545137758	2.0	26.81289003799338
150	5002	7	22	0.0	2.893414498604311	68.94511712158126	343.1384066559883	0.19951450442498114	1.325190134007067	0.49991532929113786	2.0	86.76687944368963
151	5002	7	23	0.0	-4.498159020434986	64.63597506665789	355.1599841829091	0.2007409519871065	1.2354161090119233	0.4726430599758129	2.0	18.350971999171996
152	5002	7	24	0.0	0.2310580848292669	63.27711150923583	345.56980271095875	0.1888484089238812	1.268629547707487	0.4549973606717622	2.0	15.999515172715968
153	5002	7	25	0.0	-1.2869546383746433	62.22248819498698	345.9457476775363	0.18976189495351709	1.251120281257873	0.4516829959144432	2.0	18.00719022454813
154	5002	7	26	0.0	34.985790175700956	62.908597352567895	306.799245254271	0.11113268889938287	1.6594512285330854	0.35106409836584046	2.0	37.2269855344222
155	5002	7	27	0.0	1.1735725426379968	65.56086404613069	349.94705263297885	0.19060089960011004	1.2840651951411646	0.4641593317659506	2.0	50.95525140264875
156	5002	7	28	0.0	23.60458081728559	67.99226962349356	325.53979308547645	0.14902911059344	1.5065716529415145	0.4234424246121735	2.0	59.316192820486776
157	5002	7	29	0.0	7.379351298965508	63.366715860301326	341.00629012138074	0.17168230193761838	1.3272480998448877	0.43079139275593137	2.0	8.197243209072479
158	5002	7	30	0.0	40.14317548932494	61.89776859629812	299.46757041986393	0.09731972493693154	1.7510590123326237	0.3275836063061176	2.0	21.33348526827252
159	5002	7	31	0.0	4.175369155206933	61.859310613145176	345.1549097461646	0.17390821802131448	1.289741307671269	0.42517813763133133	2.0	27.92627047599161
160	5002	7	32	0.0	-2.266294555785268	65.61368824056383	343.51081697477935	0.20403519227296096	1.2699265900584584	0.4920294269240597	2.0	90.60987041738345
161	5002	7	33	0.0	6.168162989825322	61.385618240860296	334.8698466029598	0.17213653015380773	1.3141380435308962	0.4280238942201887	2.0	24.189917315003683
162	5002	7	34	0.0	8.977821157811558	63.486222544378755	326.2946411005425	0.1750776159810195	1.3581466595702916	0.44882134954174374	2.0	35.219646305054525
163	5002	7	35	0.0	1624.2578658259922	67.1778291727449	-36935.77849974827	0.043886741485895046	-0.09205971884847348	0.04117376672723607	2.0	42.83360497907536
164	5002	7	36	0.0	-17562.630688952373	65.09477286983484	22299.95141695559	1.5575131418781416	0.017919239938545998	1.5769791397509165	2.0	43.506789781327946
165	5002	7	37	0.0	4.327252099557925	70.13480346961914	332.5826740301436	0.20509938231389047	1.357401121012289	0.5255122038500065	2.0	52.91116930495982
166	5002	7	38	0.0	-7.662413133700182	66.9874920738846	357.6955344751479	0.21492078395061912	1.2300040739070484	0.5041346370492413	2.0	38.633108643009955
167	5002	7	39	0.0	7.876143833783422	69.31812809647992	338.46539832178007	0.18932424928191005	1.3669135511221926	0.4883016859656375	2.0	114.87908780892863
168	5002	7	40	0.0	-3.3419508207602107	62.1605044700774	352.93530940129966	0.19151481341013607	1.2291780594226456	0.44897466759755694	2.0	36.28286727332357
169	5002	7	41	0.0	37.62725201971753	62.43141981950909	304.408788965667	0.10374105660370551	1.7026539602946804	0.33767630058675324	2.0	81.4176439546001
170	5002	7	42	0.0	37.68372958273372	62.67693388899966	295.7308878247419	0.10721858203040419	1.7134612507213178	0.35161977544587136	2.0	17.705945793599717
171	5002	7	43	0.0	12.736240191334954	62.69567889298678	329.51294322280694	0.160517221235218	1.382063997951586	0.4183736771973458	2.0	19.56994027687863
172	5002	7	44	0.0	33.522560178611094	61.14297556963911	295.34501224047517	0.11342149989736998	1.6560417072380136	0.35744861124623833	2.0	41.643166578344676
173	5002	7	45	0.0	-8.558409589933403	65.05534675805148	369.4416731119363	0.20508508727835678	1.198156694589743	0.4705601942648634	2.0	75.07684795155164
174	5002	7	46	0.0	46.72901407189868	63.7610429846612	288.87128015425793	0.08986983821432874	1.8680823685429457	0.3280671812380934	2.0	16.279895167201374
175	5002	7	47	0.0	-10.66946762398099	64.6405930278536	371.11001474553314	0.20872663532893995	1.1814181961703358	0.4733912069401426	2.0	30.8897618441397
176	5002	7	48	0.0	18.442195612318503	62.2846666734015	325.7710351339969	0.14540906503779924	1.4387637241378577	0.3941872016493183	2.0	15.778652357358759
177	5002	7	49	0.0	-3.591587006235394	62.01760215934111	355.74588688583486	0.1902685189541408	1.2236558220582825	0.44434883356329186	2.0	18.096684957565557
178	5002	7	50	0.0	-5.421877961123698	61.2781588385595	369.8166145715843	0.18575943418094965	1.1931357814389016	0.42473743368287104	2.0	10.604413832140411
179	5002	7	51	0.0	0.5913892836566262	63.97301658605921	345.54961912098895	0.18992003838450275	1.2754486672974366	0.45974720342826914	2.0	18.208389143343854
180	5002	7	52	0.0	-144.72767506640366	63.42705570798005	578.9228145449694	0.4030210302287418	0.6518316254083979	0.6332111888190542	2.0	52.02368220493799
181	5002	7	53	0.0	-6.396586703846817	64.70473797335767	355.842673372234	0.20585483819716172	1.2234937189411428	0.4806947595644758	2.0	13.174353034338498
182	5002	7	54	0.0	15.687319749201444	67.09124720087125	328.10229856096396	0.16645658745768052	1.4286441925355233	0.4480905056324488	2.0	56.82201590358866
183	5002	7	55	0.0	31.24937964295311	65.24779208353816	304.04042075081003	0.1292243668218974	1.6125405439067777	0.3951550038775766	2.0	18.81009843889011
184	5002	7	56	0.0	-4.972317796253104	64.84159282195009	357.982812492919	0.20106322178045397	1.2306684728270152	0.4718465264893923	2.0	32.37663931372931
185	5002	7	57	0.0	-4.270689547976121	62.35403654810826	351.16624862852757	0.19565778956974375	1.2261901383799099	0.4577381972316221	2.0	18.519084497628857
186	5002	7	58	0.0	-8.578047812391794	62.10492694130247	376.06282025650177	0.1932771999449014	1.1722134199823933	0.4355640486356669	2.0	13.90070247984888
187	5002	7	59	0.0	-3.151445697576071	66.3185768931346	347.82797228822284	0.20610511219605657	1.2638618297263162	0.49493604684336384	2.0	26.403355546972683
188	5002	7	60	0.0	-5.740669931832424	68.46606722935823	352.01163398402065	0.2172095652104752	1.2586194399420727	0.5197100926677144	2.0	83.40022755755655
189	5002	7	61	0.0	24.39652048277072	64.74739019471704	310.9802671472822	0.14330349672504827	1.5250622985609377	0.41242623617613716	2.0	33.84376883639295
190	5002	7	62	0.0	-198.52284401122495	66.94037209037236	613.4853946917467	0.5113000623586059	0.6102482156883439	0.7805107040357423	2.0	34.73884550798307
191	5002	7	63	0.0	-172.12849912053352	63.39068740722348	620.4650211571043	0.4337041428153689	0.5998411363343422	0.657300171043067	2.0	27.859173531961808
192	5003	7	0	0.0	8.5501459333611	60.99693723550606	322.6341110499634	0.1704461280860214	1.3459643033082196	0.43327413957236205	2.0	45.63550130430417
193	5003	7	1	0.0	7.610639207462158	61.330835656657776	323.09817837651536	0.17395887587548442	1.3393850488460923	0.4401915160793259	2.0	66.28988458598775
194	5003	7	2	0.0	13.25402057900666	59.74021154274303	322.34027456302243	0.15331050910579455	1.3828301295279026	0.39980228665731155	2.0	13.685283342475143
195	5003	7	3	0.0	5.218797622096726	66.39919080636163	324.72956561671793	0.19579111061764165	1.3498053945601394	0.49902796301680385	2.0	57.3633339262228
196	5003	7	4	0.0	30.813439065522665	62.72149231779349	304.2764311938402	0.12235049297668205	1.6062669206474807	0.3725119829841885	2.0	48.08522864300818
197	5003	7	5	0.0	3.8263331990644045	64.43814844573323	333.7104715482695	0.1886862040521605	1.3153365449974035	0.46956519846296885	2.0	64.29398613234035
198	5003	7	6	0.0	1.0872449002559503	62.17889065780603	338.6317310439201	0.1869161842391983	1.275834205489816	0.4525965842182598	2.0	63.80572976581878
199	5003	7	7	0.0	5.162197765727989	61.10263197464397	333.0918562524539	0.1750175209550423	1.3065812142165267	0.4329140344185666	2.0	44.2208512322787
200	5003	7	8	0.0	4.587156189461318	61.737296982032625	328.6400840285122	0.1809839222466115	1.3109638562319743	0.44903422092961215	2.0	74.0642419567279
201	5003	7	9	0.0	16.556250679435912	60.31325740602106	314.5366571104674	0.1494712163053487	1.426518809594162	0.4017746390736537	2.0	71.3405225631496
202	5003	7	10	0.0	-1.4565213093801666	64.17128077607208	341.41198440626516	0.1986276947145289	1.267943237013388	0.478331243944328	2.0	64.02203341520634
203	5003	7	11	0.0	8.084587362014524	62.33840256834243	328.1227738183297	0.1731153076480277	1.3425480663345204	0.4390183876984341	2.0	49.84709486203732
204	5003	7	12	0.0	-3.2795425128166853	61.45977964352174	344.473213014861	0.19394187987309436	1.2342465646125647	0.45626466747563527	2.0	62.073033915336474
205	5003	7	13	0.0	13.043126391237854	64.987194673362	322.03574033571164	0.17040103332710785	1.4046508418277426	0.45114303914602555	2.0	36.332752970359536
206	5003	7	14	0.0	3.2670643833382345	60.91006708489406	339.77191823604	0.17631118077516225	1.2832641953423356	0.4291220877792958	2.0	34.98747940540353
207	5003	7	15	0.0	-2.4065700289329244	65.7756741825611	344.20247472653136	0.20451109068584936	1.2692876016720829	0.492958666429291	2.0	144.051490281664
208	5003	7	16	0.0	15.758643281850835	62.13237276066637	313.28420402811514	0.15810437472789785	1.427209396601354	0.42518381605897143	2.0	64.29427579204855
209	5003	7	17	0.0	14.68136259352282	63.011134311539315	316.727890051734	0.16225736456305212	1.416573056213699	0.43314708768625154	2.0	132.31260321771316
210	5003	7	18	0.0	12.663329509945763	62.11453281656285	325.1809577047088	0.16100621771635718	1.3839784830912778	0.4202054536828027	2.0	62.41197701811047
211	5003	7	19	0.0	1.7150149326776145	58.89489880852783	336.5450789230424	0.17622515138335146	1.263132526502474	0.4229691293456687	2.0	63.628544915646316
212	5003	7	20	0.0	36.67539280788933	61.91819775477644	289.4532869494779	0.1096166296015564	1.7086221302363414	0.3582803230088959	2.0	67.73002229629579
213	5003	7	21	0.0	-4.343698739922809	62.2240324059206	349.45824095374815	0.19643698663439504	1.2267254343879437	0.4597316627120499	2.0	29.817727962437132
214	5003	7	22	0.0	5.766473147526103	63.30132000319147	327.5520707965842	0.1830254651426186	1.3305351646884003	0.4603016313805047	2.0	146.35977276946875
215	5003	7	23	0.0	-2.6882146203033184	63.185827268469616	344.2195903635791	0.19757849786852802	1.2499252274975	0.4698991561448833	2.0	27.71358802660784
216	5003	7	24	0.0	4.1314273956362975	62.49249314250651	323.0220862198661	0.18779699392420876	1.3192416514516576	0.46861905598769443	2.0	94.58841476887784
217	5003	7	25	0.0	5.8249018121507925	62.14170889452524	331.63829605735623	0.17708938233611707	1.3192717861266314	0.44190905766008426	2.0	70.75761759659746
218	5003	7	26	0.0	13.708913671454859	63.36722217213489	321.9035080336072	0.1635629018320851	1.4028598897878402	0.4325015950594637	2.0	96.60087084786298
219	5003	7	27	0.0	-1.509807515376799	64.55905033529804	338.42001073837747	0.2016936127509054	1.273975548161508	0.4877496864698454	2.0	52.12089889969651
220	5003	7	28	0.0	5.356717968982705	65.22809721909056	331.1352046263815	0.1881488847765774	1.334463945379813	0.4744771737588465	2.0	59.67168570760569
221	5003	7	29	0.0	6.957700269004714	65.51445259336133	328.5203735921693	0.18589023085796913	1.3512864828469975	0.47427947542237947	2.0	56.75393528979662
222	5003	7	30	0.0	4.47012509849431	64.44898598170597	327.2086297022608	0.19051882419392677	1.328502370472997	0.47847247073406174	2.0	57.92519630879394
223	5003	7	31	0.0	9.611791266982914	62.062303476246086	320.39457133662506	0.17190727890138938	1.3632356510573738	0.4422512693629298	2.0	41.08711751627851
224	5003	7	32	0.0	5.911787673711454	61.067268073556114	326.0846446691794	0.17645147672169043	1.3205493445229493	0.4407073166725995	2.0	48.40112922693629
225	5003	7	33	0.0	-0.015606381096267509	65.73941825562024	329.59241471062484	0.20622758071475294	1.3036978005441962	0.5090950686689132	2.0	147.18447450055285
226	5003	7	34	0.0	13.512934901825561	59.8084029912632	317.8344283009143	0.15491634235443205	1.390757975784599	0.40621607165294643	2.0	13.24606139838127
227	5003	7	35	0.0	-2.298716285433516	64.06243700909982	337.69554238540786	0.20290585586923918	1.266404727649139	0.4881130181928682	2.0	53.24461714237312
228	5003	7	36	0.0	2.6274767337904863	66.36766435761656	338.2204614707665	0.19540080511271077	1.313387300542446	0.4856186107533965	2.0	50.16256485735959
229	5003	7	37	0.0	5.34000466271961	64.06078012085771	332.59205666211517	0.1838345981441139	1.3254566654766367	0.4607119363816922	2.0	29.13174185153158
230	5003	7	38	0.0	1.194371733992476	65.30705069044608	335.60437900663413	0.19780037920644786	1.300353152061088	0.48716089938188956	2.0	61.12782513730445
231	5003	7	39	0.0	4.509028325997082	64.78392803929776	331.3215495880554	0.1891168112553238	1.3254226965541873	0.473938647793438	2.0	29.603254321252667
232	5003	7	40	0.0	16.058089790134918	63.02768424940383	312.8151756747125	0.16032569909705363	1.4343738764214984	0.43330400591570156	2.0	250.90408794373616
233	5003	7	41	0.0	11.983732454782832	62.450947756119604	323.9750462499763	0.16454377241655588	1.3809544386686396	0.4285388093455897	2.0	83.31727817239071
234	5003	7	42	0.0	10.31342331413771	64.17767012572592	320.7038028876295	0.1763599965493834	1.3799046692745927	0.45897896075419853	2.0	57.71995202898585
235	5003	7	43	0.0	-193.04419943374523	64.73445334205263	592.9436486713341	0.5144527304793313	0.6098086389371434	0.7850840759262179	2.0	53.34388121379817
236	5003	7	44	0.0	-3.408040963185191	61.62563194113419	334.98938790647827	0.20031641761546537	1.2455711980237436	0.47497509379269304	2.0	78.20038100030895
237	5003	7	45	0.0	0.8070604914685885	64.0586110508323	338.09379801533106	0.1937081658280719	1.2864026214475603	0.4724911784130958	2.0	45.71004555986705
238	5003	7	46	0.0	-2.7498090300871447	66.3267584533753	346.93872816649406	0.20551246803699477	1.2674907491916243	0.49475581755901293	2.0	77.59679032309526
239	5003	7	47	0.0	13.352969364840467	68.69466122275443	310.30454898249405	0.18742596409796716	1.4452133282055297	0.5103666826920088	2.0	281.040125285068
240	5003	7	48	0.0	0.8390273971571223	64.31708359533765	338.43969091466454	0.1942017475916824	1.2878597355370955	0.4741737896783291	2.0	49.878848860986324
241	5003	7	49	0.0	12.152298093131364	63.043458899457185	324.3004533058727	0.16574679443767365	1.3847939675419627	0.43282233126528796	2.0	213.99258013196234
242	5003	7	50	0.0	2.443589240379158	63.095720389148305	340.5687024856746	0.18479771167181458	1.2889242644480505	0.45154543375229655	2.0	244.7607790562462
243	5003	7	51	0.0	-2.514181507571217	63.33213944632955	344.763997015539	0.1972097244383195	1.2514017287394397	0.4695023638893976	2.0	67.58257325064459
244	5003	7	52	0.0	-2.322584609540256	64.46394349271118	351.18448976839767	0.19640450282701125	1.2526315496009095	0.4679841132814363	2.0	46.74753118572038
245	5003	7	53	0.0	13.088437431923344	65.37725789170261	322.75644917856425	0.17111155402934813	1.4059976984673102	0.45344729618733837	2.0	88.46368570779879
246	5003	7	54	0.0	2.164614038863768	68.30899907415818	334.103618023539	0.20494502916197846	1.3290109262723817	0.5148841733383044	2.0	208.81027783820267
247	5003	7	55	0.0	-1.711653706320551	62.97264811661125	338.6534575825034	0.1973363051523713	1.2615977838351768	0.473135753624478	2.0	59.50345035041502
248	5003	7	56	0.0	39.874811355478066	63.65423175974581	292.19145864356983	0.10582138226438748	1.7485487691059407	0.35558141879943	2.0	87.00936558106635
249	5003	7	57	0.0	-1.9193475600959065	62.12221895849064	344.6954431624259	0.19193795917147302	1.2475404354248836	0.4557303632427556	2.0	17.347333085444337
250	5003	7	58	0.0	-0.5886536722992162	64.43257843923485	343.82455554626785	0.19556433207629684	1.2724406536069206	0.472424545019938	2.0	125.54366553078758
251	5003	7	59	0.0	9.276288303191526	64.13282711282442	324.01548526313843	0.17743262164133827	1.3669857788067372	0.45765392623204415	2.0	35.22103544462761
252	5003	7	60	0.0	0.028542580481323607	61.95741698224324	340.57262291464787	0.18819172310547205	1.2646862039161406	0.45217755499032636	2.0	84.74453382305195
253	5003	7	61	0.0	9.58771805832394	62.43265029553917	321.48962320747074	0.17256733073901462	1.3635962403070252	0.44406030391184104	2.0	64.87087981611056
254	5003	7	62	0.0	8.239505850686244	62.30955259375974	324.1160174400069	0.17467578193471361	1.348579273413788	0.44483147477562207	2.0	22.817266030483967
255	5003	7	63	0.0	2.8767320345931977	62.682285260502624	330.70850355738435	0.18770832162275403	1.301394048959937	0.4626389263486634	2.0	34.87056286969428
256	5007	7	0	0.0	-3.0453073046882504	62.93514375737678	351.48991205750764	0.19375887257458504	1.23767907576729	0.45691995524865336	2.0	23.3481543356798
257	5007	7	1	0.0	-3.7065939343257748	63.804285187663524	356.6338896778201	0.1953081922569475	1.2333506336471052	0.45919377943974893	2.0	76.86077817291634
258	5007	7	2	0.0	-12.769090711713648	68.79174779140304	364.8466311046342	0.23001282724195357	1.2075275242322117	0.5311951016643732	2.0	77.8618375409098
259	5007	7	3	0.0	61.43082456909003	64.36999883384479	280.54342137998583	0.05967483125173106	2.2007557475023	0.2743371943020251	2.0	23.763481418126876
260	5007	7	4	0.0	-12.443573874605214	66.51857803692069	371.2829095473593	0.21876682188692298	1.1847370586077208	0.4973050269793259	2.0	102.26618045981829
261	5007	7	5	0.0	-11.65182847283149	68.6077947502218	364.91465047919553	0.2263180555848418	1.2116732980918246	0.5241664391469414	2.0	81.880675542161
262	5007	7	6	0.0	-8.004149166446773	64.87765008882185	365.12200292656064	0.20549841715482986	1.2048027055027484	0.47368565658947676	2.0	43.44649067790764
263	5007	7	7	0.0	-11.24965064414816	63.72241209589522	376.4585275631412	0.20472886859077533	1.1664416173375745	0.4595290817795994	2.0	25.65394539661358
264	5007	7	8	0.0	-4.872699581493755	67.57897279859623	352.04013508048905	0.2121639431773704	1.2571310416960566	0.5071141518554257	2.0	71.85028865514866
265	5007	7	9	0.0	-4.311937694507906	63.74225517511759	360.6763106722729	0.19458997380007811	1.2247430466645508	0.45478366122052455	2.0	39.32210125747021
266	5007	7	10	0.0	-10.446310971843547	66.7677894094629	375.6048276376979	0.21150991488100812	1.1925722172460422	0.4834268188025463	2.0	37.117008641980945
267	5007	7	11	0.0	-10.595299524980994	66.99767525169412	365.78716849324906	0.2182882913300316	1.2043240165352882	0.5030001271961841	2.0	80.04708454770663
268	5007	7	12	0.0	-48.662844984075626	69.67079854460731	418.82371319983633	0.2951932692019129	1.0132047901156631	0.5958150709391972	2.0	85.32086979146482
269	5007	7	13	0.0	-6.077208957283045	66.61426198405188	371.75875565930414	0.20148874880223724	1.2206009745169881	0.4695569857551337	2.0	38.67845395231032
270	5007	7	14	0.0	-7.643983931141241	67.52776323417322	367.4059142648522	0.21071260604218964	1.2224213077367811	0.4916725918609402	2.0	62.25606859620365
271	5007	7	15	0.0	-10.770562166761335	66.98445423135901	365.41230953421535	0.21896284221352819	1.2037251557206436	0.5043450934644808	2.0	40.31129416358554
272	5007	7	16	0.0	-3.585874705619629	62.818031223595476	359.6308388871967	0.19050161463936627	1.2247232572775355	0.44522249370823125	2.0	31.444167154341304
273	5007	7	17	0.0	-11.696884494181958	66.21792475113132	371.48415585859556	0.2157537552799978	1.1863646207019978	0.49100927982773984	2.0	98.92247249171986
274	5007	7	18	0.0	-10.832712464779396	65.16206812915709	372.463264407461	0.20986643278315753	1.1826871648909192	0.4763951075606784	2.0	116.41577895112316
275	5007	7	19	0.0	-3.124743407705837	64.12842026622616	354.47418698826806	0.19582981567800983	1.2415631308906578	0.46304858248636	2.0	31.78773530254355
276	5007	7	20	0.0	-7.484621623751761	65.16670945180954	362.8656721441045	0.2061757913789328	1.212292267017226	0.47772064071561887	2.0	23.28841723573126
277	5007	7	21	0.0	-290.47986664946166	68.7887365926482	756.7811224065907	0.588845699447318	0.5019090412222833	0.8338562419797012	2.0	66.76157400876991
278	5007	7	22	0.0	-14.645468526711989	69.57244051504708	369.7677112402928	0.23434547371922218	1.1981683135789163	0.5377014058553485	2.0	39.779910244220275
279	5007	7	23	0.0	-41.755691499774294	71.6207206392357	405.6043322305231	0.29084212329279374	1.066192708029945	0.6089943911983722	2.0	98.30756737114753
280	5007	7	24	0.0	-4.490285240252435	67.8597257579382	350.4648304706565	0.21284334025277055	1.26335864506854	0.5109388349134587	2.0	76.83791491352287
281	5007	7	25	0.0	-4.494376298047817	63.377105243324884	360.66301793379694	0.19404486969012644	1.2212531023988802	0.4524139431009814	2.0	65.9790700473619
282	5007	7	26	0.0	-187.60334345890178	64.53036104892442	666.9834762039116	0.433114046414069	0.572134346870314	0.6439199321366804	2.0	59.088696813318975
283	5007	7	27	0.0	-150.91842976660342	66.98977457970767	582.4672652838939	0.42200932460452784	0.670382976042346	0.6716258937328594	2.0	33.145639757080616
284	5007	7	28	0.0	-17.21254417597042	64.49167854710963	392.0679485735967	0.21406130705151677	1.1242361449931728	0.46662389526374753	2.0	10.742014257129533
285	5007	7	29	0.0	-13.09831453799785	64.32194668681646	381.1638790160683	0.20874484150249575	1.1554997870337824	0.4650030996971095	2.0	15.495362099796012
286	5007	7	30	0.0	-371.4738666849327	69.14865104485501	833.8981967050424	0.691033967229495	0.45152079971844405	0.9449758281372655	2.0	97.01676978804869
287	5007	7	31	0.0	-352.77042549191293	67.55454716700625	852.5617559509465	0.6276117335288109	0.43626476539730547	0.8492192590885261	2.0	46.99851531078442
288	5007	7	32	0.0	-10.527625464518954	65.8779660389829	368.4925604210643	0.21333515383672247	1.1936446007675339	0.4879611591947194	2.0	80.3655459135104
289	5007	7	33	0.0	-0.616388525015702	62.65841166220149	351.98778980836767	0.18593815028075472	1.25189764403293	0.44282002144149607	2.0	15.560004996170814
290	5007	7	34	0.0	-4.226111026264124	61.34494704984866	355.7515935001157	0.1900529672911779	1.2151258212903178	0.4412289252260809	2.0	40.45379693433961
291	5007	7	35	0.0	3.0036487385456905	65.84238331098692	347.50385285420083	0.18769277923143401	1.3011231992414023	0.4625137795991247	2.0	31.565124776722193
292	5007	7	36	0.0	-468.19709790114155	68.08337291781689	1038.6406280763242	0.6796186271085444	0.3595795213290635	0.8719859660046257	2.0	109.04563584570384
293	5007	7	37	0.0	-140.90853725058446	66.53469308125862	553.3027654240727	0.4216480809895139	0.6969651334561074	0.6835299351238245	2.0	23.060210006205878
294	5007	7	38	0.0	-290.2475895532219	67.69917262948023	762.3331814870868	0.5810461862005292	0.49208801068260405	0.8172292581322455	2.0	62.48753263286076
295	5007	7	39	0.0	-52.3949584703233	70.37795276814563	424.43860912469444	0.30304333793699856	1.0024214310462558	0.6071047908288694	2.0	40.675047879181555
296	5007	7	40	0.0	-3.1983223648642984	63.180140919374594	352.67957421083474	0.1942501005730224	1.2369465439028753	0.45784583214355834	2.0	54.34648063783103
297	5007	7	41	0.0	-5.984092541307207	62.654141642696516	371.8233135537723	0.19011214469915813	1.1960540847789423	0.4355700574067872	2.0	27.2051506155363
298	5007	7	42	0.0	8.30709352125253	67.50170404067619	334.18363324341925	0.18502115926948937	1.3651504909325656	0.47662041899799656	2.0	81.41374747492262
299	5007	7	43	0.0	4.72297581432776	68.24596177949705	341.72894583345055	0.1931362878955497	1.3346012154811806	0.48710083950013966	2.0	87.35111105040427
300	5007	7	44	0.0	1.9158281486133448	68.46482532201898	346.75914114132956	0.19879147113734763	1.311052062709534	0.49324619582910273	2.0	130.97496924061062
301	5007	7	45	0.0	-17.966862722142732	66.49367961462681	386.0202423802541	0.22498793279194879	1.1405605476500553	0.49602339680584145	2.0	83.95144864680746
302	5007	7	46	0.0	-14.940579921118742	67.94841289990353	374.78949608267686	0.2275135449902025	1.178430548216961	0.5149323779131326	2.0	75.61053808987842
303	5007	7	47	0.0	-21.870477246994042	68.48553298197251	391.04829597784646	0.23785855392429214	1.1317412604046915	0.5212029209580121	2.0	26.454541733645293
304	5007	7	48	0.0	-14.179257136717544	68.80399178185546	370.9295713872392	0.23017315842408437	1.1931405155970816	0.5262907795236355	2.0	95.32265908152797
305	5007	7	49	0.0	-6.073505105826572	65.91985788369875	365.66763455877214	0.20287512367643185	1.2226411344754606	0.47345690305653715	2.0	88.79510541116454
306	5007	7	50	0.0	-16.704970412519508	70.78404743585493	378.2247044017422	0.23803444511590527	1.1873374867284463	0.5420807750950247	2.0	259.6694090348745
307	5007	7	51	0.0	-6.9004371785107566	60.106991638119474	370.16354734179265	0.18621865487464734	1.1757302096045001	0.42068133665222435	2.0	27.297361522857393
308	5007	7	52	0.0	-13.853433146741466	67.51251752934208	372.6685259236536	0.22459856370584003	1.1830947516973422	0.5099809840566882	2.0	65.29117484794868
309	5007	7	53	0.0	-9.128274111745817	69.47151423119963	362.59053885885885	0.223143892798628	1.2339989877559026	0.5248747914824596	2.0	102.72369743552687
310	5007	7	54	0.0	-10.696724270727666	69.29742428608041	361.5422333154621	0.22769286610493622	1.2259929330293373	0.5326109258031302	2.0	82.37836866549097
311	5007	7	55	0.0	6.116165870883356	67.72093066020614	340.7283149233388	0.18825836208846228	1.3422457555650482	0.47732096485805936	2.0	117.94276468727409
312	5007	7	56	0.0	-10.998017050598706	64.48596209446592	373.9439853900012	0.20758328938799522	1.1755771316170889	0.4688958277416772	2.0	96.97755734633009
313	5007	7	57	0.0	-6.871546123128738	62.29286411685449	367.7588429679152	0.19360451751170482	1.1919732384104726	0.4423185829427298	2.0	32.85261446502864
314	5007	7	58	0.0	-269.4331576153529	65.57292784274199	786.0046518018446	0.5118202102928268	0.4774845863207332	0.7126144325741757	2.0	22.078349057695757
315	5007	7	59	0.0	-4.484141237876693	68.16873624340147	356.41334800295414	0.2101968684242596	1.2579698499815135	0.5027046471314222	2.0	58.203731678436384
316	5007	7	60	0.0	42.24240230904569	61.95884380130305	300.3487457911003	0.09205479329845981	1.7855769926239418	0.31736471632107177	2.0	15.915282752191446
317	5007	7	61	0.0	-5.582049563840127	67.66086135922204	353.91642399775327	0.21327929969251228	1.25125854869752	0.5077092331875644	2.0	26.804115961419555
318	5007	7	62	0.0	-1.5154049133117327	67.18995724087638	352.12516239818655	0.20158704799512966	1.2744275984345859	0.4876447574698721	2.0	41.45353633521837
319	5007	7	63	0.0	10.864923406747971	67.34941512521219	329.34409794626407	0.17997476575749496	1.3897919298888552	0.47160747017048665	2.0	32.399189073217265
320	5008	7	0	0.0	-1.2429530683157886	62.40122252600025	336.50866432281435	0.19548027209828459	1.2635266882312668	0.469312766569628	2.0	87.42219655648876
321	5008	7	1	0.0	3.4578237787753623	62.93346331623667	340.26597797239475	0.1816245360145598	1.2957264315687402	0.44588928891433344	2.0	87.08712356327268
322	5008	7	2	0.0	-3.635480664751754	65.70974409161951	352.13276596624524	0.20318543430311126	1.2514720711587033	0.483752479169511	2.0	45.301768898738636
323	5008	7	3	0.0	-0.9877481526692538	64.80835307268818	347.75236479413655	0.1955998834244123	1.26755165291312	0.4709118945154414	2.0	72.97454948034911
324	5008	7	4	0.0	5.092743619309252	61.329643231730245	345.22785900277535	0.16978549067202467	1.2940683694334059	0.41634559077360844	2.0	30.273852335018223
325	5008	7	5	0.0	-7.196592610076169	64.99686036321232	358.3947022015416	0.20746058019405889	1.2178345906497494	0.48254778857441377	2.0	39.87272132554217
326	5008	7	6	0.0	-3.6122076679791313	70.52288255024021	352.74180943058025	0.21670148122898203	1.2842695213247668	0.5277953119032526	2.0	172.87863533417575
327	5008	7	7	0.0	4.966691667922146	65.6622830093871	340.8598175270566	0.18526768694347034	1.3218760316337936	0.46315250304232924	2.0	105.75796452623864
328	5008	7	8	0.0	18.513331746833185	63.055774516765524	320.84204620409844	0.14976494716069025	1.4476808850598504	0.4085126864254932	2.0	322.0394070990915
329	5008	7	9	0.0	13.633572338645314	62.57555130763429	326.96729937855787	0.15888055810079008	1.3925626814403589	0.4171323716364169	2.0	132.46180678155224
330	5008	7	10	0.0	-0.38147435939253954	64.34595522947612	347.2409134009287	0.19281980330693843	1.2692189157536913	0.46475556658379213	2.0	26.579371457121812
331	5008	7	11	0.0	-4.34666103252987	61.52790321857567	348.0926931699661	0.195143348187369	1.2235778782232756	0.4557087794284788	2.0	99.22113463885206
332	5008	7	12	0.0	-5.384075307554984	62.9377855089589	354.23923836267966	0.19877486408287004	1.2195410677202574	0.46289224771367765	2.0	152.15636450865406
333	5008	7	13	0.0	-3.715840893823988	64.82885889627885	352.97927878460183	0.2003545145757086	1.2440829021618443	0.4745755977812181	2.0	32.51433995649515
334	5008	7	14	0.0	-6.119355133664603	64.90222903497366	360.6331747660508	0.2029161382921408	1.221119636379207	0.4730534645165876	2.0	49.21732418472609
335	5008	7	15	0.0	-6.599971244046298	63.77853038044952	356.66116028194364	0.2032582164841675	1.2149857202408807	0.4718405447187321	2.0	76.97925826691726
336	5008	7	16	0.0	6.408620128857717	63.078504934176955	337.45560395083714	0.17528493522573513	1.3221602235356438	0.4382828518033623	2.0	96.14034778542323
337	5008	7	17	0.0	4.246323212748457	64.12841711285277	335.6008607532079	0.1855118062683474	1.3141018573427832	0.4612704466069469	2.0	73.9047725892542
338	5008	7	18	0.0	-0.5282730692382899	63.50319068893701	346.28977516076276	0.19125573560130898	1.2640059847192062	0.4593229910741034	2.0	57.05141955135715
339	5008	7	19	0.0	12.72102592985024	59.84882900166314	324.8476968143057	0.1539704047026507	1.375372713575211	0.39945300563104513	2.0	22.08197206395486
340	5008	7	20	0.0	33.05315556960095	64.95214203466253	296.9888879452595	0.12624215589505405	1.6445218219725484	0.3946887971132622	2.0	113.49822602234305
341	5008	7	21	0.0	-2.7583529225105243	65.4842490823147	350.3991588952593	0.20105873418329684	1.2574803232858809	0.48068684872616724	2.0	47.18851202500718
342	5008	7	22	0.0	0.4371258539387878	65.17924781610719	342.6145101711342	0.19557146960779775	1.2855535586645264	0.4767554665554173	2.0	77.95112450896174
343	5008	7	23	0.0	-0.7811656431326237	67.36125729260117	342.67270579753125	0.20548308722088854	1.2922291593127464	0.5032407724001048	2.0	92.65032389105733
344	5008	7	24	0.0	5.92456385601777	61.26322171120382	333.2123250286461	0.1732933146311527	1.3133981240891122	0.4306793414221952	2.0	55.65535380038633
345	5008	7	25	0.0	1.7692034256277316	60.781461417165865	343.5298830594734	0.178169283245319	1.267078432450022	0.42880658687424106	2.0	37.50497971051846
346	5008	7	26	0.0	-2.9949204492471604	64.32783187772426	349.93190846975676	0.19858941351709164	1.2488571647024282	0.47195387920966936	2.0	120.65805763248389
347	5008	7	27	0.0	0.19221744912224034	63.27921936064988	343.555401772013	0.19006414587320575	1.2706858094299494	0.4585796114651104	2.0	62.15023517601145
348	5008	7	28	0.0	43.56615887440626	65.56971179532992	297.0815050729269	0.10083253651761771	1.7922718462058298	0.34924345697584214	2.0	64.39938464975958
349	5008	7	29	0.0	15.6464362790841	65.50677530642868	324.01518481862064	0.1637327480105803	1.426624248681939	0.4401414220398102	2.0	91.82465637055058
350	5008	7	30	0.0	-147.540915108536	69.13164506677957	530.037055345035	0.4669400185002656	0.730632978624963	0.7748248459120398	2.0	102.34377717889215
351	5008	7	31	0.0	12.344755103077022	67.53624950384601	324.05301717086815	0.179176852764201	1.409532627030283	0.47598526062970753	2.0	96.53462698136568
352	5008	7	32	0.0	6.745424928765768	64.12427603001031	328.62908733325753	0.18216906712369238	1.3413733725644599	0.4616026090611609	2.0	220.5632897977083
353	5008	7	33	0.0	-0.3472445707622353	63.119361928459185	345.9512485058497	0.18979187171784642	1.2632215379089868	0.45555957895568777	2.0	118.8880037849523
354	5008	7	34	0.0	-1.3854599008918889	62.65979434368504	335.70057914407334	0.19715307567376114	1.265287030118025	0.4739067623321923	2.0	57.07760223042084
355	5008	7	35	0.0	0.7666204948537891	65.03961179657824	343.6288462919673	0.1936576673165043	1.2856127195432725	0.4721094435815921	2.0	28.4623609502548
356	5008	7	36	0.0	-10.098828706996509	67.21301675636606	364.5520502285794	0.21826003715033743	1.210001736312044	0.5049182196597568	2.0	35.40751909011658
357	5008	7	37	0.0	-2.785118041500512	65.78260979610623	349.25434544291346	0.2026655120105433	1.260694518320136	0.4856089871508915	2.0	20.738395981350813
358	5008	7	38	0.0	50.659536111754974	67.12258413491367	287.3468468643257	0.09104557952870655	1.9166619845809807	0.34374121963066107	2.0	100.71556417487736
359	5008	7	39	0.0	-3.835177864407896	67.32219703333477	350.29958956090474	0.2095232161354563	1.2635969054054854	0.5030518178781719	2.0	138.99578332108908
360	5008	7	40	0.0	39.548731482514405	59.57526196739993	289.4064779583563	0.09460073756979626	1.7655915366457502	0.3216551691300259	2.0	17.07687059144754
361	5008	7	41	0.0	5.056613477467839	66.51116524035557	338.79005896747407	0.18866411588703208	1.3301481298816742	0.4743553362426534	2.0	198.39818727366514
362	5008	7	42	0.0	36.118838792201984	63.689087623685786	294.338110814826	0.11502117274667138	1.6900453416173729	0.37113518853582267	2.0	48.88409452126012
363	5008	7	43	0.0	17.73075833478826	63.49584108671044	310.98566926889595	0.15794647486848337	1.4544071224034587	0.4328427098267733	2.0	81.79098649462038
364	5008	7	44	0.0	10.560990534055035	66.63276534603558	320.0237679804596	0.18366593532434758	1.3966478461537777	0.48357240494293724	2.0	66.57406425124455
365	5008	7	45	0.0	-3.636295123061757	66.07867219773912	352.3512455684657	0.20413870997889613	1.2536962374402663	0.4867719439961995	2.0	66.72199818355442
366	5008	7	46	0.0	-2.0642515671473625	68.29340290774917	347.11609101188697	0.20924414138196365	1.2849930354166168	0.5098879574668352	2.0	67.48304243164263
367	5008	7	47	0.0	-0.8948214618353977	66.92078886392805	343.34957933533616	0.20410375525587224	1.2876174178949942	0.4982673854940662	2.0	50.98738619400384
368	5008	7	48	0.0	-2.951722856805658	65.42698696202355	348.5877982743554	0.20247308371041278	1.2580698743076142	0.48426609760920436	2.0	30.12648005342602
369	5008	7	49	0.0	-2.965825830018014	63.60960705936348	347.20997158467645	0.19792613523952166	1.2474452560268785	0.46991746310340954	2.0	39.24317635327425
370	5008	7	50	0.0	-2.9450153522638733	62.92262839866992	351.2718775417276	0.19356208036862008	1.2385012274368086	0.45671607773084794	2.0	35.7129382407376
371	5008	7	51	0.0	3.8210125821105856	62.403353426027465	339.6169540755467	0.1793519432923865	1.2961252978919002	0.44043181130830855	2.0	22.955215810429657
372	5008	7	52	0.0	-186.87644035299056	65.55573697789778	592.7801490476785	0.5000300198529007	0.6206091712105202	0.7688082845748665	2.0	188.59443659953968
373	5008	7	53	0.0	-1.5851082155822298	64.50423479634863	343.9421098712224	0.19853712534371612	1.2662315911111965	0.47754622876085495	2.0	36.18524948595231
374	5008	7	54	0.0	6.04557817842147	59.83105043506275	338.0836774367635	0.16614877610697218	1.301613381167342	0.4095640387765614	2.0	8.333335242494785
375	5008	7	55	0.0	1.4546834277337546	64.07442205929821	343.79092274673343	0.1887624716174799	1.2840909712955313	0.4596905276410677	2.0	53.8415468907338
376	5008	7	56	0.0	-4.7339251902423225	60.46376415993875	347.1625226468639	0.19358466039940578	1.2149251096780886	0.44936561899877464	2.0	38.05727358154457
377	5008	7	57	0.0	1.9649997319901311	65.45715161389377	340.82905174463724	0.19308518119507373	1.2997895857307367	0.4753621485539254	2.0	82.95955841953841
378	5008	7	58	0.0	-6.59273154280661	68.28387011282092	355.03655386886567	0.21725036525994684	1.248625107687215	0.5162191674389217	2.0	100.37032843459552
379	5008	7	59	0.0	1.4177785253255113	64.5776839095094	340.81673489936605	0.19200598879374298	1.2905306179828042	0.4696812261954325	2.0	24.45659679958378
380	5008	7	60	0.0	6.307244527770916	63.23925528202036	333.1918094873699	0.17826747146726205	1.3272951325994675	0.44732971943428834	2.0	29.738965219982124
381	5008	7	61	0.0	42.89690638413628	66.52949051134371	293.18447383330073	0.10675049925387639	1.7834452966340844	0.36748570061102526	2.0	86.22651012741971
382	5008	7	62	0.0	13.940993454223534	68.84970561727195	321.7547544222859	0.17990610203328336	1.4323492846362085	0.48554109441118243	2.0	120.13838295681175
383	5008	7	63	0.0	17.24672542752832	66.38679698349546	312.4817095214647	0.16771814782265135	1.4605152468668299	0.4615714690661689	2.0	64.19635989650118
384	5009	7	0	0.0	15.690891454768973	58.96873171951607	302.6909598417468	0.15323651941681038	1.4274986238078706	0.4121755095276796	2.0	36.191912021414105
385	5009	7	1	0.0	5.48720866179194	62.86882005549923	315.036658805334	0.1895751882860503	1.342625697156697	0.48078632196240945	2.0	124.24858647530681
386	5009	7	2	0.0	7.562734776704111	66.31323463017124	322.584164692192	0.18992845573155231	1.3688619332815568	0.49052205489216466	2.0	77.01789267423916
387	5009	7	3	0.0	-3.219843970723398	61.70849345466839	339.1037615642874	0.19759740975671009	1.2424633874100177	0.4675197859128486	2.0	46.13253600929912
388	5009	7	4	0.0	37.640707568694026	60.39353633851882	288.27619566585423	0.1025444754733216	1.7304553544007617	0.340275934836895	2.0	38.71330200482043
389	5009	7	5	0.0	14.022087716790448	61.62459982301417	321.1910838690162	0.15759687968344346	1.399025783853693	0.41561990632389284	2.0	23.751612558950683
390	5009	7	6	0.0	23.122847660811065	61.2495142658522	301.0313843902616	0.14007266042823163	1.5161858076165082	0.400655200696281	2.0	105.65163482802156
391	5009	7	7	0.0	10.767023568746337	63.246391759773196	321.6502633110289	0.17165102520208345	1.377420323488046	0.4459552034089356	2.0	107.23225240631552
392	5009	7	8	0.0	5.189567657250412	59.08108352074221	321.5557744480741	0.1747139334309071	1.3088162551304032	0.4328331277245364	2.0	17.987599587127058
393	5009	7	9	0.0	14.26356926362648	59.153192596776	312.18994849258127	0.15337809457332222	1.4021348215398008	0.40536661410727454	2.0	54.382335731963416
394	5009	7	10	0.0	5.597347910155025	63.41580173735675	330.301395660478	0.1823667617932212	1.326456199874091	0.45735011296575445	2.0	221.69766619089464
395	5009	7	11	0.0	37.06463721620247	63.694859251393204	287.03170185312837	0.11519809427846905	1.7138085870838669	0.37787928605650034	2.0	86.27102448235027
396	5009	7	12	0.0	39.38985487180528	62.561541255882645	287.927882730131	0.10504129542076408	1.7506685846567025	0.35347916913238525	2.0	33.15166781812538
397	5009	7	13	0.0	19.03120481653961	63.93925593218578	312.3954572748454	0.15499697949208216	1.466608216412504	0.4283672891391039	2.0	44.181783874381324
398	5009	7	14	0.0	12.5081318396917	57.34863772185307	320.36620491633164	0.1487852889357531	1.3684671245231301	0.38415779086035773	2.0	15.839540514396246
399	5009	7	15	0.0	2.8275292574456476	59.5218744239008	332.58551779311375	0.17706297668980162	1.2797733019656456	0.4299103617080833	2.0	42.895744579961054
400	5009	7	16	0.0	4.172138694496494	61.277577364715185	329.20914140114786	0.18044538602957666	1.304379584855618	0.44565949358782575	2.0	57.98464589183567
401	5009	7	17	0.0	6.749807121638863	58.176931164248415	325.30993160012395	0.16537994567353198	1.3128715948936753	0.4108625672143883	2.0	128.43363150954636
402	5009	7	18	0.0	14.785612049196745	61.30517422022583	315.36851733440193	0.1572335280564211	1.4119723835082316	0.41839954141784635	2.0	90.53822706880675
403	5009	7	19	0.0	7.6251057966203035	63.17082840854732	319.2313738355453	0.18180282032684708	1.3549429320758883	0.4650279764378702	2.0	63.868259344085324
404	5009	7	20	0.0	28.353733120357166	58.54397530655307	289.4801765383755	0.12130271790504475	1.593415434648979	0.3660465965070448	2.0	65.50537845258822
405	5009	7	21	0.0	7.6104592682233605	65.40225153398029	325.5801777178432	0.1852939050108796	1.3594215392331277	0.4754313262734594	2.0	70.4580847677485
406	5009	7	22	0.0	-1.2730128717330897	64.29935858251815	339.01364752666564	0.1998777768679627	1.2729866898102074	0.4830273121811937	2.0	97.93526296863422
407	5009	7	23	0.0	7.977515572150453	61.67835206795935	325.6625699918857	0.1726481060254715	1.3411376039001177	0.43740572752636064	2.0	27.202893034421876
408	5009	7	24	0.0	6.986893055680715	59.117905201773375	320.9847043133626	0.16988634762864888	1.3247414098247576	0.42554489061467105	2.0	80.24611831263938
409	5009	7	25	0.0	3.903021886180383	58.68707799203432	328.67930656020354	0.1734327810449037	1.2879060479508087	0.4234767195964029	2.0	64.38654303886875
410	5009	7	26	0.0	19.094205853810763	60.50610194221645	307.7809228230553	0.146025260133456	1.4616151582365606	0.4021777066769108	2.0	180.77830971745652
411	5009	7	27	0.0	34.67839471184003	61.13553128593802	297.7580826824856	0.1094860639767129	1.6699412394303321	0.34838644345242004	2.0	93.89831852438478
412	5009	7	28	0.0	6.095629908320162	61.165846510623965	329.8876246062708	0.17422789481284842	1.3180670566432438	0.4344055942557684	2.0	46.87982102987897
413	5009	7	29	0.0	4.858185580423658	61.93324898003999	331.7440809798802	0.17914334237406487	1.3104617902431859	0.44431295862401643	2.0	203.7199967738033
414	5009	7	30	0.0	1.7339091371582704	62.463252582973354	333.8490250253401	0.18857791435898583	1.2879162478983555	0.46046036213970787	2.0	28.19330732236633
415	5009	7	31	0.0	6.5991533846482655	60.01683336284167	331.02827735077244	0.16866494360146966	1.314764946266533	0.4195739452632279	2.0	13.82719205725959
416	5009	7	32	0.0	27.88786292884344	58.95472413924686	294.9356114933336	0.12180104603599538	1.5800719275972956	0.36416655988490493	2.0	13.156895653820959
417	5009	7	33	0.0	-0.8755025507139355	61.1426139522353	332.9648295060844	0.19258550864652535	1.261964681884902	0.46186263363486424	2.0	46.43054439141371
418	5009	7	34	0.0	-0.999117690114174	64.32417878997573	329.6350915885021	0.2047544653638878	1.2872562621665393	0.4997308133430167	2.0	157.99872779329937
419	5009	7	35	0.0	3.283863425495666	64.50245775357776	325.72373210318887	0.19500803829482477	1.3225160147648745	0.48771880797791395	2.0	28.08792710964537
420	5009	7	36	0.0	2.768105055502497	66.08196235268781	333.6309112146903	0.19675998206516282	1.3185913775197642	0.4907635857470166	2.0	141.13189308267968
421	5009	7	37	0.0	8.351049148978614	61.81665598371752	324.3679340379951	0.17268461017217454	1.3465230141482982	0.4391343922544202	2.0	32.45708089793102
422	5009	7	38	0.0	-0.07276963256498431	61.05688508135389	336.3614710843075	0.1880707701345988	1.2631092703190219	0.45139327146317243	2.0	60.71222045812221
423	5009	7	39	0.0	3.7159309427903495	61.07278824064709	335.6939618340147	0.17766285254843875	1.2921560720180791	0.43508525726523767	2.0	52.56016018621626
424	5009	7	40	0.0	5.649140549251353	58.41746982147072	324.43888644965836	0.16975262427084303	1.3056410477583527	0.41961752307011	2.0	153.96444136945308
425	5009	7	41	0.0	16.336362980839613	62.07443053892354	308.7477619262442	0.15849024179830923	1.4384046938158759	0.4295418534121096	2.0	243.15333444061767
426	5009	7	42	0.0	12.814131388714552	61.76636462183568	308.8001778566772	0.16771958180922805	1.4045586682161906	0.44401542806297234	2.0	58.49825230125696
427	5009	7	43	0.0	8.979314587371896	59.74729900909535	320.44420623063417	0.16639311469078383	1.3458544338478997	0.4229391671147013	2.0	33.88120316231969
428	5009	7	44	0.0	2.713949501706724	60.15392685658771	322.11731465596563	0.1851157003025542	1.2950064204549314	0.4542333649894793	2.0	69.86584940863622
429	5009	7	45	0.0	3.6757333522222844	64.11671575614348	328.14323078212334	0.19126910861303167	1.3194857876321702	0.4773639679781098	2.0	111.93451806979789
430	5009	7	46	0.0	5.658677992943658	57.97485183955165	335.62950958342554	0.16275318708931	1.2915472674918225	0.3984042569021889	2.0	6.984882789472411
431	5009	7	47	0.0	0.5468910543716817	64.59560510727155	337.335972484181	0.1965098079803918	1.2890988709900677	0.4802215650909359	2.0	31.181564679072803
432	5009	7	48	0.0	6.636441300581561	61.683157695374476	329.92663797359404	0.1742676129959108	1.3251887483294025	0.43665480718193855	2.0	53.210455127850096
433	5009	7	49	0.0	14.921389167468591	63.15227448148819	314.2878781232005	0.16323428493355685	1.4225792002806479	0.4375728741945067	2.0	71.02259568251776
434	5009	7	50	0.0	4.416482472325713	60.77357008085966	333.1501536748148	0.17609160705025156	1.2987891428514233	0.4332246374837731	2.0	54.16519949462095
435	5009	7	51	0.0	10.316835414863998	62.15685102311482	321.5315682494207	0.16958922725890518	1.3682180895766922	0.43779716696694776	2.0	160.01925045709507
436	5009	7	52	0.0	7.480607497429786	58.56392390616027	335.4731478984081	0.15957062057598487	1.3104946719292967	0.395777535142225	2.0	73.17231718004523
437	5009	7	53	0.0	1.226408044957394	63.10742595530655	336.1944000229232	0.19069169113081583	1.2855413075254905	0.464855811215376	2.0	54.79130098889157
438	5009	7	54	0.0	-1.9200010694323209	66.4556374761602	339.28099927722604	0.20807415037507154	1.2834832570492438	0.5065065772449313	2.0	60.59575597436452
439	5009	7	55	0.0	1.0487811005049918	60.131771436659186	332.2572576874059	0.1842551361885124	1.2702120392237974	0.44441788426437423	2.0	17.533703913069083
440	5009	7	56	0.0	35.981766159186066	60.63021836747965	290.5824566636725	0.10691002175193683	1.700186596273996	0.3473966143644092	2.0	256.6674120286018
441	5009	7	57	0.0	3.2839524794086348	59.684248427064354	330.89184243958607	0.17715412899354285	1.2861939374708933	0.4320502238271784	2.0	28.845290191282608
442	5009	7	58	0.0	11.71323329381101	62.64311529130718	325.2139310990483	0.1652869898414069	1.3779942418894828	0.42959208503005325	2.0	58.333660599080744
443	5009	7	59	0.0	-1.4540326927390823	64.02137033020898	338.3028284223738	0.19997501372110169	1.2708155777326426	0.48253558148285763	2.0	25.121571210969513
444	5009	7	60	0.0	-0.8111200744699752	62.86225728312466	335.88003073773496	0.19599956755485937	1.2702981535399203	0.4727733208284835	2.0	60.66661508086371
445	5009	7	61	0.0	-0.586367179882227	62.82626065692307	329.11760051094194	0.19920799059760674	1.2801555664619642	0.48380681252433794	2.0	54.813566527974565
446	5009	7	62	0.0	6.947572581215381	63.68119358779804	322.7259312950631	0.18344627945579955	1.3480548921545523	0.4669967588875591	2.0	115.53043314246385
447	5009	7	63	0.0	-1.8898683504161098	59.93905558577221	338.83520497378174	0.18850658483727437	1.2401846183867065	0.44530676789118695	2.0	12.263259424624758
448	5011	7	0	0.0	12.445632408756046	60.65243943922808	312.3335337260277	0.16337825663016206	1.391186914941794	0.4285319908181795	2.0	94.01045698742998
449	5011	7	1	0.0	2.9213090955097685	60.303234138695245	331.615070347205	0.17972942192252428	1.2861790606282755	0.438326426139269	2.0	137.68027092075027
450	5011	7	2	0.0	12.024607170957243	64.6352466973309	329.5717281434535	0.16837626768060995	1.3847386323369661	0.4396719331935354	2.0	104.09283321739939
451	5011	7	3	0.0	4.38808700994014	67.21515500142135	333.1221437637461	0.19583419045183623	1.3375324226826446	0.4949096208743425	2.0	83.2800561017871
452	5011	7	4	0.0	-1.377337859478792	66.47440761299961	339.5394465543149	0.2064086379022198	1.2866037170348505	0.5035402362096343	2.0	100.38360486407048
453	5011	7	5	0.0	9.394315764968518	63.64244588734644	332.9128928825958	0.17099102688187598	1.3541716446748167	0.4371390506769313	2.0	163.80747439852047
454	5011	7	6	0.0	8.16734682375864	59.657300967544074	340.90542799883985	0.15846961638836865	1.3161034146565085	0.39457776800874916	2.0	47.74764310848399
455	5011	7	7	0.0	8.746070098971048	59.69207509456617	333.78428494371445	0.1603184809521265	1.3286491759004904	0.40266774708506275	2.0	21.218760567797705
456	5011	7	8	0.0	15.484003947501847	59.055307148410435	318.69568364607676	0.1466009293309806	1.4065347164975208	0.38863853735906484	2.0	61.043011564023814
457	5011	7	9	0.0	7.531295654409831	57.59449248124841	329.87229925164445	0.1591029269180406	1.3121186390581467	0.395061981237693	2.0	67.34084287163276
458	5011	7	10	0.0	4.85057390651758	63.2335889942374	336.8683348613403	0.18041646376625822	1.3117940427892154	0.4478839722068577	2.0	34.95373091077294
459	5011	7	11	0.0	28.790918778991873	61.5743743940168	309.4547871238657	0.12215963700419923	1.5740729056694704	0.36372310804812624	2.0	16.0462705599077
460	5011	7	12	0.0	-1.1513411623476697	65.09654105868465	339.53111749528654	0.20162726770060996	1.2785282379119627	0.48913035416113293	2.0	65.36607232605297
461	5011	7	13	0.0	-4.8297020690664665	65.14006059043456	357.12747875166525	0.2020133121561615	1.2344969799963486	0.4753358933814908	2.0	30.776557479591258
462	5011	7	14	0.0	3.4067974377925774	59.570373727601314	344.9810679939857	0.16927459261257963	1.2716379682811383	0.4086890006190972	2.0	22.836858655204882
463	5011	7	15	0.0	30.272656175707507	63.3762361301826	308.5145939253547	0.12422314098017113	1.5940291254813441	0.3750188406692385	2.0	135.03123541400475
464	5011	7	16	0.0	22.958156585334176	61.19551783053121	311.8158904080205	0.13571269307703326	1.5006318629274744	0.38402161693128123	2.0	30.368567412917024
465	5011	7	17	0.0	32.921852580115775	60.86937731919608	299.44961973081257	0.11267251743765458	1.6427438528004257	0.35183024661352075	2.0	76.04894125917409
466	5011	7	18	0.0	-67.12187294504956	59.875195078970734	451.1618767011283	0.2972503911480969	0.8472686389340658	0.5347806804238421	2.0	36.87590681878331
467	5011	7	19	0.0	-1.3294010221168584	62.13683143943236	338.36330140871905	0.19386042223663166	1.2589643702115505	0.46395428828634816	2.0	136.65697078770754
468	5011	7	20	0.0	13.863752909297022	61.45949220352841	318.3644119789148	0.15888471751574632	1.4002920941309116	0.41938418502410457	2.0	165.519966841703
469	5011	7	21	0.0	1.9277768468690426	64.9587409613062	341.639985848521	0.1912508352821906	1.2954041440922366	0.46941703339490776	2.0	35.435402916460546
470	5011	7	22	0.0	-2.45055269313514	64.18756811038662	346.8500878056017	0.1983887521161719	1.255038165593246	0.47350130384596656	2.0	42.25482407352578
471	5011	7	23	0.0	1.2648160952138932	64.62902208630749	343.164397682327	0.1912910371328202	1.2869604163763797	0.4667757768004807	2.0	61.27142421397539
472	5011	7	24	0.0	9.519169359123653	61.63180493733006	328.50546192261305	0.16668876336870606	1.3503996167219738	0.4250275830609951	2.0	67.23878107585102
473	5011	7	25	0.0	11.134661887384413	61.36729132805181	322.7320157461007	0.16418001190120413	1.3699364913953365	0.4243383261011415	2.0	114.31163944595974
474	5011	7	26	0.0	35.45647072970368	60.45003176216692	299.12492621176295	0.10482881803258574	1.6820372132583232	0.3363754905135978	2.0	53.656743114551915
475	5011	7	27	0.0	38.29489717647724	63.11262556446535	301.4612623004934	0.10510887303126823	1.714126056844288	0.34485993269318993	2.0	52.964892413648094
476	5011	7	28	0.0	7.961795437224781	62.61364505659109	336.32438728508384	0.170140224219505	1.3333636961534607	0.42873552288732464	2.0	25.201556547397068
477	5011	7	29	0.0	0.03825512396487079	61.97671829297572	346.9141420912875	0.18479477801216057	1.2578292733571237	0.44191020960538085	2.0	40.051298242809445
478	5011	7	30	0.0	-2.78167965526117	63.181459157553164	346.125751475901	0.19674587860224432	1.2470633488437963	0.4669916530362284	2.0	24.859719600375048
479	5011	7	31	0.0	35.131381536067536	61.06186157959173	300.5926684999167	0.1071067098624103	1.6734679418235998	0.34164945005997205	2.0	40.25610036096743
480	5011	7	32	0.0	6.316443209310003	58.66088330128646	326.77134695545567	0.1674023715007054	1.3100210890963535	0.4150660852034065	2.0	26.259845016039776
481	5011	7	33	0.0	0.9020026288961898	64.92085789938814	336.7772813681672	0.1967950515900692	1.294328190283894	0.4826649732237955	2.0	137.84611522687425
482	5011	7	34	0.0	6.346044428413488	58.961609960244026	328.26920234037516	0.16749980567652392	1.3101920860927183	0.41535689624053534	2.0	57.519575032185635
483	5011	7	35	0.0	0.2782649973289476	67.52503317901069	337.74241276763075	0.2058596189184497	1.30663478200931	0.509222315372517	2.0	67.03879189551988
484	5011	7	36	0.0	-2.222211243670565	65.77381806815232	343.4244508150717	0.20443672061997537	1.2714124432741187	0.4935057169777885	2.0	115.87276662517979
485	5011	7	37	0.0	7.188660299334979	64.50613131417644	331.6435072239847	0.1804606379057164	1.3430680993306356	0.45781105155344987	2.0	226.16277656094962
486	5011	7	38	0.0	4.291170369950255	61.748776336998176	344.06188898791453	0.17380785954585407	1.2912030821272502	0.42536354764581	2.0	17.626915076493177
487	5011	7	39	0.0	1.2858449651197275	64.20107422325451	343.40078237142853	0.1898262316226711	1.2841613960019185	0.46230365371339444	2.0	63.817392992337574
488	5011	7	40	0.0	13.034794445521833	58.761395396668775	323.1422473815521	0.15048875443036439	1.3760395935568843	0.3906009007927786	2.0	36.60458863406779
489	5011	7	41	0.0	39.14619816201442	61.334046289791836	292.2165914734855	0.10034739844212534	1.74613000107095	0.336622874578742	2.0	55.89104093990902
490	5011	7	42	0.0	2.3599125994350887	60.69694501027729	336.99450362467593	0.17967228603358598	1.2781415324824088	0.43575264656755286	2.0	19.77522054101568
491	5011	7	43	0.0	-3.579961845467033	61.76538242191889	343.8955917722433	0.19604744138799388	1.234917252502599	0.46143264238865767	2.0	20.44149527076307
492	5011	7	44	0.0	-2.209680837124208	61.12062284133482	340.168483555003	0.19228059400407468	1.2441463166161442	0.4554710890359774	2.0	85.79194701125486
493	5011	7	45	0.0	3.813075507672312	62.04370726917899	340.45672186575825	0.1778534435253492	1.2930825574451295	0.4358317999979544	2.0	44.6231430332642
494	5011	7	46	0.0	1.0461292257822432	62.16544181586023	339.56539220381086	0.18648194032768536	1.274378514139374	0.45108972826253063	2.0	20.909996995497576
495	5011	7	47	0.0	18.025983624442194	65.83508505677236	329.1465353745799	0.15581726055192416	1.4426133275492181	0.4235312386962196	2.0	95.80549593289531
496	5011	7	48	0.0	1.1362316690617158	64.36561865385808	337.2738592267457	0.194159633163354	1.291650196292813	0.47531814743082995	2.0	56.13315693061223
497	5011	7	49	0.0	-3.91469288405661	63.592328234486274	342.8496648412998	0.20310932349492467	1.246430130418712	0.48188423272307856	2.0	100.48711992354741
498	5011	7	50	0.0	-59.17389320582539	61.19797303358037	440.65710408441925	0.2866907526628503	0.8894938539052207	0.5311020965204608	2.0	32.28184007686141
499	5011	7	51	0.0	-3.9411890507319116	62.423704223481714	348.4688983575845	0.19644974358364908	1.2317816439042426	0.4613756703512486	2.0	195.09784165869178
500	5011	7	52	0.0	5.078035017979733	60.40859147196025	346.3072336924774	0.1665654695253244	1.288159889312333	0.40678013794960716	2.0	139.63556557483216
501	5011	7	53	0.0	-1.2646868901627515	64.7464793409669	346.0185322285434	0.19716919766300578	1.267404412907713	0.4746416161475142	2.0	29.22601855991289
502	5011	7	54	0.0	-2.4644426982589	64.26441061025578	346.7138663533447	0.19873363183859463	1.2556200353933156	0.47451578400747024	2.0	44.51015411394842
503	5011	7	55	0.0	4.063357633221497	64.09160712326816	331.1715526946597	0.1883612097361077	1.3181394866892022	0.4696680255907532	2.0	71.85670983740823
504	5011	7	56	0.0	12.898058883907428	60.58353398130797	321.204060846324	0.157488334535026	1.3842072969504164	0.41108942679451704	2.0	59.55369372460999
505	5011	7	57	0.0	42.99120262950254	65.62841885441551	287.7036677606108	0.10551487374721281	1.7960811794641938	0.36642744408262345	2.0	131.54609501878377
506	5011	7	58	0.0	6.048058751431512	63.18053468996886	339.38255825639715	0.17560947066401494	1.3176993278843199	0.43773871306636636	2.0	110.83255948797571
507	5011	7	59	0.0	-1.2656809821753883	63.56897487684051	338.7521889421923	0.19780026026763506	1.268440604127549	0.47650287824231136	2.0	78.9210411204664
508	5011	7	60	0.0	36.47419975444571	61.916543577338864	294.2129279213407	0.10848212447932254	1.6993075112861353	0.3522903235334537	2.0	41.469236475912375
509	5011	7	61	0.0	-2.506502502425963	62.39082008940244	343.54266170954696	0.19506072131979954	1.2466378148292594	0.4628552582327532	2.0	54.33070421999578
510	5011	7	62	0.0	5.782363678355964	69.31244956132976	322.5027840430333	0.2044261261837707	1.3767993078847984	0.5308774626754821	2.0	130.904100734691
511	5011	7	63	0.0	-2.9308810282494653	60.76024738244172	349.96736417173844	0.18783788090689896	1.2262072023904746	0.43944884658224703	2.0	15.35047311490118
