ROB	Channel	flag_fit_method	flag_chi2	Chi2NDF	ped_mean	ped_sigma	Sigma	Min_x	Max_x	N0	Q_{0}	Q_{1}	#sigma_{0}	#sigma_{1}	w	#alpha	#mu
15	53	1	0	1.0791	265.13	4.4087	-5	287.17	657	10095	277.36	80.01	29.198	29.393	0.81692	1868	0.59918
15	53	2	0	1.0744	265.13	4.4087	-4	282.76	657	8519.5	163.87	69.876	-7.5731	26.39	1.0003	0.0080406	0.51569
15	53	2	0	1.0692	265.13	4.4087	-3	278.35	657	8549.9	164.41	70.112	-22.577	26.339	1.0001	0.0080799	0.51056
15	53	2	0	1.1892	265.13	4.4087	-2	273.95	657	12784	265.56	61.808	4.7774	30.637	0.23605	0.0070861	0.31918
15	53	2	0	1.1869	265.13	4.4087	-1	269.54	657	12679	265.04	62.192	5.0867	30.799	0.23533	0.0070681	0.32659
15	53	2	0	1.196	265.13	4.4087	0	265.13	657	12369	265.14	61.357	5.1238	30.907	0.23964	0.007075	0.33985

15	53	2	0	1.1842	265.13	4.4087	2	256.31	657	12739	264.83	62.831	5.2577	31.061	0.2294	0.0070118	0.32971
15	53	2	0	1.1975	265.13	4.4087	3	251.9	657	12701	264.89	62.435	5.179	30.823	0.23423	0.0070597	0.32675
